0 0
1 6.0945
2 7.0426
3 7.7591
4 8.3361
5 8.8183
6 9.2309
7 9.5901
8 9.9068
9 10.189
10 10.442
11 10.671
12 10.878
13 11.068
14 11.242
15 11.401
16 11.548
17 11.684
18 11.81
19 11.927
20 12.036
21 12.138
22 12.232
23 12.32
24 12.403
25 12.48
26 12.553
27 12.621
28 12.685
29 12.745
30 12.801
31 12.855
32 12.905
33 12.952
34 12.996
35 13.038
36 13.078
37 13.115
38 13.151
39 13.184
40 13.215
41 13.245
42 13.274
43 13.3
44 13.326
45 13.35
46 13.372
47 13.394
48 13.414
49 13.433
50 13.452
51 13.469
52 13.485
53 13.501
54 13.516
55 13.53
56 13.543
57 13.556
58 13.568
59 13.579
60 13.59
61 13.6
62 13.61
63 13.619
64 13.628
65 13.636
66 13.644
67 13.652
68 13.659
69 13.665
70 13.672
71 13.678
72 13.684
73 13.689
74 13.695
75 13.7
76 13.704
77 13.709
78 13.713
79 13.717
80 13.721
81 13.725
82 13.728
83 13.732
84 13.735
85 13.738
86 13.741
87 13.743
88 13.746
89 13.748
90 13.751
91 13.753
92 13.755
93 13.757
94 13.759
95 13.761
96 13.762
97 13.764
98 13.766
99 13.767
100 13.769
101 13.77
102 13.771
103 13.772
104 13.773
105 13.775
106 13.776
107 13.777
108 13.778
109 13.778
110 13.779
111 13.78
112 13.781
113 13.782
114 13.782
115 13.783
116 13.784
117 13.784
118 13.785
119 13.785
120 13.786
121 13.786
122 13.787
123 13.787
124 13.788
125 13.788
126 13.788
127 13.789
128 13.789
129 13.79
130 13.79
131 13.79
132 13.79
133 13.791
134 13.791
135 13.791
136 13.791
137 13.792
138 13.792
139 13.792
140 13.792
141 13.792
142 13.793
143 13.793
144 13.793
145 13.793
146 13.793
147 13.793
148 13.793
149 13.794
150 13.794
151 13.794
152 13.794
153 13.794
154 13.794
155 13.794
156 13.794
157 13.794
158 13.794
159 13.794
160 13.795
161 13.795
162 13.795
163 13.795
164 13.795
165 13.795
166 13.795
167 13.795
168 13.795
169 13.795
170 13.795
171 13.795
172 13.795
173 13.795
174 13.795
175 13.795
176 13.795
177 13.795
178 13.795
179 15.594
180 17.137
181 18.501
182 19.73
183 20.853
184 21.89
185 22.856
186 23.761
187 24.614
188 25.421
189 26.188
190 26.919
191 27.618
192 28.288
193 28.931
194 29.55
195 30.147
196 30.724
197 31.282
198 31.821
199 32.345
200 32.853
201 33.347
202 33.827
203 34.294
204 34.75
205 35.194
206 35.627
207 36.05
208 36.463
209 36.867
210 37.262
211 37.648
212 38.027
213 38.397
214 38.761
215 39.117
216 39.466
217 39.809
218 40.146
219 40.476
220 40.801
221 41.12
222 41.433
223 41.741
224 42.044
225 42.342
226 42.636
227 42.925
228 43.209
229 43.489
230 43.764
231 44.036
232 44.304
233 44.567
234 44.827
235 45.084
236 45.336
237 45.586
238 45.832
239 46.074
240 46.314
241 46.55
242 46.783
243 47.014
244 47.241
245 47.466
246 47.687
247 47.906
248 48.123
249 48.337
250 48.548
251 48.757
252 48.963
253 49.167
254 49.369
255 49.569
256 49.766
257 49.961
258 50.154
259 50.345
260 50.534
261 50.72
262 50.905
263 51.088
264 51.269
265 51.448
266 51.626
267 51.801
268 51.975
269 52.147
270 52.317
271 52.486
272 52.653
273 52.818
274 52.982
275 53.144
276 53.304
277 53.464
278 53.621
279 53.777
280 53.932
281 54.085
282 54.237
283 54.388
284 54.537
285 54.685
286 54.832
287 54.977
288 55.121
289 55.264
290 55.405
291 55.545
292 55.684
293 55.822
294 55.959
295 56.095
296 56.229
297 56.363
298 56.495
299 56.626
300 56.756
301 56.885
302 57.013
303 57.14
304 57.266
305 57.391
306 57.515
307 57.638
308 57.76
309 57.881
310 58.001
311 58.12
312 58.239
313 58.356
314 58.472
315 58.588
316 58.703
317 58.817
318 58.93
319 59.042
320 59.153
321 59.264
322 59.373
323 59.482
324 59.59
325 59.698
326 59.804
327 59.91
328 60.015
329 60.12
330 60.223
331 60.326
332 60.428
333 60.529
334 60.63
335 60.73
336 60.829
337 60.928
338 61.026
339 61.123
340 61.22
341 61.316
342 61.411
343 61.506
344 61.6
345 61.693
346 61.786
347 61.878
348 61.97
349 62.061
350 62.151
351 62.241
352 62.33
353 62.418
354 62.506
355 62.594
356 62.681
357 62.767
358 62.853
359 62.938
360 63.023
361 63.107
362 63.19
363 63.274
364 63.356
365 63.438
366 63.52
367 63.601
368 63.681
369 63.761
370 63.841
371 63.92
372 63.998
373 64.077
374 64.154
375 64.231
376 64.308
377 64.384
378 64.46
379 64.535
380 64.61
381 64.684
382 64.758
383 64.832
384 64.905
385 64.978
386 65.05
387 65.122
388 65.193
389 65.264
390 65.335
391 65.405
392 65.474
393 65.544
394 65.613
395 65.681
396 65.749
397 65.817
398 65.885
399 65.952
400 66.018
401 66.084
402 66.15
403 66.216
404 66.281
405 66.346
406 66.41
407 66.474
408 66.538
409 66.601
410 66.664
411 66.727
412 66.789
413 66.851
414 66.912
415 66.974
416 67.034
417 67.095
418 67.155
419 67.215
420 67.275
421 67.334
422 67.393
423 67.452
424 67.51
425 67.568
426 67.626
427 67.683
428 67.74
429 67.797
430 67.853
431 67.91
432 67.965
433 68.021
434 68.076
435 68.131
436 68.186
437 68.24
438 68.295
439 68.348
440 68.402
441 68.455
442 68.508
443 68.561
444 68.614
445 68.666
446 68.718
447 68.769
448 68.821
449 68.872
450 68.923
451 68.973
452 69.024
453 69.074
454 69.124
455 69.173
456 69.223
457 69.272
458 69.321
459 69.369
460 69.418
461 69.466
462 69.514
463 69.561
464 69.609
465 69.656
466 69.703
467 69.749
468 69.796
469 69.842
470 69.888
471 69.934
472 69.979
473 70.025
474 70.07
475 70.115
476 70.159
477 70.204
478 70.248
479 70.292
480 70.336
481 70.38
482 70.423
483 70.466
484 70.509
485 70.552
486 70.594
487 70.637
488 70.679
489 70.721
490 70.762
491 70.804
492 70.845
493 70.886
494 70.927
495 70.968
496 71.009
497 71.049
498 71.089
499 71.129
500 71.169
501 71.209
502 71.248
503 71.287
504 71.326
505 71.365
506 71.404
507 71.442
508 71.481
509 71.519
510 71.557
511 71.595
512 71.632
513 71.67
514 71.707
515 71.744
516 71.781
517 71.818
518 71.854
519 71.891
520 71.927
521 71.963
522 71.999
523 72.035
524 72.07
525 72.106
526 72.141
527 72.176
528 72.211
529 72.246
530 72.28
531 72.315
532 72.349
533 72.383
534 72.417
535 72.451
536 72.485
537 72.518
538 72.552
539 72.585
540 72.618
541 72.651
542 72.684
543 72.716
544 72.749
545 72.781
546 72.813
547 72.845
548 72.877
549 72.909
550 72.941
551 72.972
552 73.003
553 73.035
554 73.066
555 73.097
556 73.127
557 73.158
558 73.189
559 73.219
560 73.249
561 73.279
562 73.309
563 73.339
564 73.369
565 73.399
566 73.428
567 73.457
568 73.487
569 73.516
570 73.545
571 73.573
572 73.602
573 73.631
574 73.659
575 73.688
576 73.716
577 73.744
578 73.772
579 73.8
580 73.827
581 73.855
582 73.883
583 73.91
584 73.937
585 73.964
586 73.991
587 74.018
588 74.045
589 74.072
590 74.098
591 74.125
592 74.151
593 74.177
594 74.203
595 74.229
596 74.255
597 74.281
598 74.307
599 74.332
600 74.358
601 74.383
602 74.408
603 74.433
604 74.458
605 74.483
606 74.508
607 74.533
608 74.557
609 74.582
610 74.606
611 74.631
612 74.655
613 74.679
614 74.703
615 74.727
616 74.75
617 74.774
618 74.798
619 74.821
620 74.845
621 74.868
622 74.891
623 74.914
624 74.937
625 74.96
626 74.983
627 75.006
628 75.028
629 75.051
630 75.073
631 75.096
632 75.118
633 75.14
634 75.162
635 75.184
636 75.206
637 75.228
638 75.249
639 75.271
640 75.293
641 75.314
642 75.335
643 75.357
644 75.378
645 75.399
646 75.42
647 75.441
648 75.462
649 75.482
650 75.503
651 75.524
652 75.544
653 75.565
654 75.585
655 75.605
656 75.625
657 75.645
658 75.665
659 75.685
660 75.705
661 75.725
662 75.744
663 75.764
664 75.784
665 75.803
666 75.822
667 75.842
668 75.861
669 75.88
670 75.899
671 75.918
672 75.937
673 75.956
674 75.974
675 75.993
676 76.012
677 76.03
678 76.049
679 76.067
680 76.085
681 76.104
682 76.122
683 76.14
684 76.158
685 76.176
686 76.194
687 76.211
688 76.229
689 76.247
690 76.264
691 76.282
692 76.299
693 76.317
694 76.334
695 76.351
696 76.368
697 76.385
698 76.402
699 76.419
700 76.436
701 76.453
702 76.47
703 76.487
704 76.503
705 76.52
706 76.536
707 76.553
708 76.569
709 76.585
710 76.602
711 76.618
712 76.634
713 76.65
714 76.666
715 76.682
716 76.698
717 76.713
718 76.729
719 76.745
720 76.76
721 76.776
722 76.791
723 76.807
724 76.822
725 76.838
726 76.853
727 76.868
728 76.883
729 76.898
730 76.913
731 76.928
732 76.943
733 76.958
734 76.973
735 76.987
736 77.002
737 77.017
738 77.031
739 77.046
740 77.06
741 77.074
742 77.089
743 77.103
744 77.117
745 77.131
746 77.146
747 77.16
748 77.174
749 77.188
750 77.201
751 77.215
752 77.229
753 77.243
754 77.256
755 77.27
756 77.284
757 77.297
758 77.311
759 77.324
760 77.337
761 77.351
762 77.364
763 77.377
764 77.39
765 77.403
766 77.416
767 77.429
768 77.442
769 77.455
770 77.468
771 77.481
772 77.494
773 77.506
774 77.519
775 77.532
776 77.544
777 77.557
778 77.569
779 77.582
780 77.594
781 77.606
782 77.619
783 77.631
784 77.643
785 77.655
786 77.667
787 77.679
788 77.691
789 77.703
790 77.715
791 77.727
792 77.739
793 77.751
794 77.762
795 77.774
796 77.786
797 77.797
798 77.809
799 77.82
800 77.832
801 77.843
802 77.855
803 77.866
804 77.877
805 77.888
806 77.9
807 77.911
808 77.922
809 77.933
810 77.944
811 77.955
812 77.966
813 77.977
814 77.988
815 77.999
816 78.009
817 78.02
818 78.031
819 78.041
820 78.052
821 78.063
822 78.073
823 78.084
824 78.094
825 78.105
826 78.115
827 78.125
828 78.136
829 78.146
830 78.156
831 78.166
832 78.177
833 78.187
834 78.197
835 78.207
836 78.217
837 78.227
838 78.237
839 78.247
840 78.256
841 78.266
842 78.276
843 78.286
844 78.296
845 78.305
846 78.315
847 78.324
848 78.334
849 78.344
850 78.353
851 78.363
852 78.372
853 78.381
854 78.391
855 78.4
856 78.409
857 78.419
858 78.428
859 78.437
860 78.446
861 78.455
862 78.464
863 78.473
864 78.482
865 78.491
866 78.5
867 78.509
868 78.518
869 78.527
870 78.536
871 78.545
872 78.553
873 78.562
874 78.571
875 78.579
876 78.588
877 78.597
878 78.605
879 78.614
880 78.622
881 78.631
882 78.639
883 78.647
884 78.656
885 78.664
886 78.672
887 78.681
888 78.689
889 78.697
890 78.705
891 78.714
892 78.722
893 78.73
894 78.738
895 78.746
896 78.754
897 78.762
898 78.77
899 78.778
900 78.786
901 78.793
902 78.801
903 78.809
904 78.817
905 78.825
906 78.832
907 78.84
908 78.848
909 78.855
910 78.863
911 78.87
912 78.878
913 78.886
914 78.893
915 78.901
916 78.908
917 78.915
918 78.923
919 78.93
920 78.937
921 78.945
922 78.952
923 78.959
924 78.967
925 78.974
926 78.981
927 78.988
928 78.995
929 79.002
930 79.009
931 79.016
932 79.023
933 79.03
934 79.037
935 79.044
936 79.051
937 79.058
938 79.065
939 79.072
940 79.079
941 79.085
942 79.092
943 79.099
944 79.106
945 79.112
946 79.119
947 79.126
948 79.132
949 79.139
950 79.145
951 79.152
952 79.158
953 79.165
954 79.171
955 79.178
956 79.184
957 79.191
958 79.197
959 79.203
960 79.21
961 79.216
962 79.222
963 79.229
964 79.235
965 79.241
966 79.247
967 79.253
968 79.26
969 79.266
970 79.272
971 79.278
972 79.284
973 79.29
974 79.296
975 79.302
976 79.308
977 79.314
978 79.32
979 79.326
980 79.332
981 79.338
982 79.344
983 79.349
984 79.355
985 79.361
986 79.367
987 79.372
988 79.378
989 79.384
990 79.39
991 79.395
992 79.401
993 79.406
994 79.412
995 79.418
996 79.423
997 79.429
998 79.434
999 79.44
1000 79.445
1001 79.451
1002 79.456
1003 79.462
1004 79.467
1005 79.472
1006 79.478
1007 79.483
1008 79.488
1009 79.494
1010 79.499
1011 79.504
1012 79.51
1013 79.515
1014 79.52
1015 79.525
1016 79.53
1017 79.536
1018 79.541
1019 79.546
1020 79.551
1021 79.556
1022 79.561
1023 79.566
1024 79.571
1025 79.576
1026 79.581
1027 79.586
1028 79.591
1029 79.596
1030 79.601
1031 79.606
1032 79.611
1033 79.616
1034 79.62
1035 79.625
1036 79.63
1037 79.635
1038 79.64
1039 79.644
1040 79.649
1041 79.654
1042 79.659
1043 79.663
1044 79.668
1045 79.673
1046 79.677
1047 79.682
1048 79.687
1049 79.691
1050 79.696
1051 79.7
1052 79.705
1053 79.709
1054 79.714
1055 79.718
1056 79.723
1057 79.727
1058 79.732
1059 79.736
1060 79.741
1061 79.745
1062 79.749
1063 79.754
1064 79.758
1065 79.762
1066 79.767
1067 79.771
1068 79.775
1069 79.78
1070 79.784
1071 79.788
1072 79.792
1073 79.797
1074 79.801
1075 79.805
1076 79.809
1077 79.813
1078 79.818
1079 79.822
1080 79.826
1081 79.83
1082 79.834
1083 79.838
1084 79.842
1085 79.846
1086 79.85
1087 79.854
1088 79.858
1089 79.862
1090 79.866
1091 79.87
1092 79.874
1093 79.878
1094 79.882
1095 79.886
1096 79.89
1097 79.894
1098 79.897
1099 79.901
1100 79.905
1101 79.909
1102 79.913
1103 79.917
1104 79.92
1105 79.924
1106 79.928
1107 79.932
1108 79.935
1109 79.939
1110 79.943
1111 79.946
1112 79.95
1113 79.954
1114 79.957
1115 79.961
1116 79.965
1117 79.968
1118 79.972
1119 79.975
1120 79.979
1121 79.983
1122 79.986
1123 79.99
1124 79.993
1125 79.997
1126 80
1127 80.004
1128 80.007
1129 80.011
1130 80.014
1131 80.017
1132 80.021
1133 80.024
1134 80.028
1135 80.031
1136 80.034
1137 80.038
1138 80.041
1139 80.044
1140 80.048
1141 80.051
1142 80.054
1143 80.058
1144 80.061
1145 80.064
1146 80.067
1147 80.071
1148 80.074
1149 80.077
1150 80.08
1151 80.084
1152 80.087
1153 80.09
1154 80.093
1155 80.096
1156 80.099
1157 80.103
1158 80.106
1159 80.109
1160 80.112
1161 80.115
1162 80.118
1163 80.121
1164 80.124
1165 80.127
1166 80.13
1167 80.133
1168 80.136
1169 80.139
1170 80.142
1171 80.145
1172 80.148
1173 80.151
1174 80.154
1175 80.157
1176 80.16
1177 80.163
1178 80.166
1179 80.169
1180 80.172
1181 80.174
1182 80.177
1183 80.18
1184 80.183
1185 80.186
1186 80.189
1187 80.192
1188 80.194
1189 80.197
1190 80.2
1191 80.203
1192 80.205
1193 80.208
1194 80.211
1195 80.214
1196 80.216
1197 80.219
1198 80.222
1199 80.225
1200 80.227
1201 80.23
1202 80.233
1203 80.235
1204 80.238
1205 80.241
1206 80.243
1207 80.246
1208 80.248
1209 80.251
1210 80.254
1211 80.256
1212 80.259
1213 80.261
1214 80.264
1215 80.267
1216 80.269
1217 80.272
1218 80.274
1219 80.277
1220 80.279
1221 80.282
1222 80.284
1223 80.287
1224 80.289
1225 80.292
1226 80.294
1227 80.296
1228 80.299
1229 80.301
1230 80.304
1231 80.306
1232 80.309
1233 80.311
1234 80.313
1235 80.316
1236 80.318
1237 80.32
1238 80.323
1239 80.325
1240 80.328
1241 80.33
1242 80.332
1243 80.334
1244 80.337
1245 80.339
1246 80.341
1247 80.344
1248 80.346
1249 80.348
1250 80.35
1251 80.353
1252 80.355
1253 80.357
1254 80.359
1255 80.362
1256 80.364
1257 80.366
1258 80.368
1259 80.37
1260 80.373
1261 80.375
1262 80.377
1263 80.379
1264 80.381
1265 80.383
1266 80.386
1267 80.388
1268 80.39
1269 80.392
1270 80.394
1271 80.396
1272 80.398
1273 80.4
1274 80.402
1275 80.404
1276 80.406
1277 80.409
1278 80.411
1279 80.413
1280 80.415
1281 80.417
1282 80.419
1283 80.421
1284 80.423
1285 80.425
1286 80.427
1287 80.429
1288 80.431
1289 80.433
1290 80.435
1291 80.437
1292 80.438
1293 80.44
1294 80.442
1295 80.444
1296 80.446
1297 80.448
1298 80.45
1299 80.452
1300 80.454
1301 80.456
1302 80.458
1303 80.459
1304 80.461
1305 80.463
1306 80.465
1307 80.467
1308 80.469
1309 80.471
1310 80.472
1311 80.474
1312 80.476
1313 80.478
1314 80.48
1315 80.481
1316 80.483
1317 80.485
1318 80.487
1319 80.489
1320 80.49
1321 80.492
1322 80.494
1323 80.496
1324 80.497
1325 80.499
1326 80.501
1327 80.503
1328 80.504
1329 80.506
1330 80.508
1331 80.509
1332 80.511
1333 80.513
1334 80.515
1335 80.516
1336 80.518
1337 80.52
1338 80.521
1339 80.523
1340 80.524
1341 80.526
1342 80.528
1343 80.529
1344 80.531
1345 80.533
1346 80.534
1347 80.536
1348 80.537
1349 80.539
1350 80.541
1351 80.542
1352 80.544
1353 80.545
1354 80.547
1355 80.549
1356 80.55
1357 80.552
1358 80.553
1359 80.555
1360 80.556
1361 80.558
1362 80.559
1363 80.561
1364 80.562
1365 80.564
1366 80.565
1367 80.567
1368 80.568
1369 80.57
1370 80.571
1371 80.573
1372 80.574
1373 80.576
1374 80.577
1375 80.579
1376 80.58
1377 80.582
1378 80.583
1379 80.584
1380 80.586
1381 80.587
1382 80.589
1383 80.59
1384 80.592
1385 80.593
1386 80.594
1387 80.596
1388 80.597
1389 80.599
1390 80.6
1391 80.601
1392 80.603
1393 80.604
1394 80.605
1395 80.607
1396 80.608
1397 80.61
1398 80.611
1399 80.612
1400 80.614
1401 80.615
1402 80.616
1403 80.618
1404 80.619
1405 80.62
1406 80.622
1407 80.623
1408 80.624
1409 80.625
1410 80.627
1411 80.628
1412 80.629
1413 80.631
1414 80.632
1415 80.633
1416 80.634
1417 80.636
1418 80.637
1419 80.638
1420 80.639
1421 80.641
1422 80.642
1423 80.643
1424 80.644
1425 80.646
1426 80.647
1427 80.648
1428 80.649
1429 80.65
1430 80.652
1431 80.653
1432 80.654
1433 80.655
1434 80.656
1435 80.658
1436 80.659
1437 80.66
1438 80.661
1439 80.662
1440 80.663
1441 80.665
1442 80.666
1443 80.667
1444 80.668
1445 80.669
1446 80.67
1447 80.671
1448 80.673
1449 80.674
1450 80.675
1451 80.676
1452 80.677
1453 80.678
1454 80.679
1455 80.68
1456 80.682
1457 80.683
1458 80.684
1459 80.685
1460 80.686
1461 80.687
1462 80.688
1463 80.689
1464 80.69
1465 80.691
1466 80.692
1467 80.693
1468 80.694
1469 80.696
1470 80.697
1471 80.698
1472 80.699
1473 80.7
1474 80.701
1475 80.702
1476 80.703
1477 80.704
1478 80.705
1479 80.706
1480 80.707
1481 80.708
1482 80.709
1483 80.71
1484 80.711
1485 80.712
1486 80.713
1487 80.714
1488 80.715
1489 80.716
1490 80.717
1491 80.718
1492 80.719
1493 80.72
1494 80.721
1495 80.722
1496 80.723
1497 80.724
1498 80.725
1499 80.725
1500 80.726
1501 80.727
1502 80.728
1503 80.729
1504 80.73
1505 80.731
1506 80.732
1507 80.733
1508 80.734
1509 80.735
1510 80.736
1511 80.737
1512 80.737
1513 80.738
1514 80.739
1515 80.74
1516 80.741
1517 80.742
1518 80.743
1519 80.744
1520 80.745
1521 80.746
1522 80.746
1523 80.747
1524 80.748
1525 80.749
1526 80.75
1527 80.751
1528 80.752
1529 80.752
1530 80.753
1531 80.754
1532 80.755
1533 80.756
1534 80.757
1535 80.758
1536 80.758
1537 80.759
1538 80.76
1539 80.761
1540 80.762
1541 80.762
1542 80.763
1543 80.764
1544 80.765
1545 80.766
1546 80.767
1547 80.767
1548 80.768
1549 80.769
1550 80.77
1551 80.771
1552 80.771
1553 80.772
1554 80.773
1555 80.774
1556 80.774
1557 80.775
1558 80.776
1559 80.777
1560 80.778
1561 80.778
1562 80.779
1563 80.78
1564 80.781
1565 80.781
1566 80.782
1567 80.783
1568 80.784
1569 80.784
1570 80.785
1571 80.786
1572 80.787
1573 80.787
1574 80.788
1575 80.789
1576 80.789
1577 80.79
1578 80.791
1579 80.792
1580 80.792
1581 80.793
1582 80.794
1583 80.794
1584 80.795
1585 80.796
1586 80.797
1587 80.797
1588 80.798
1589 80.799
1590 80.799
1591 80.8
1592 80.801
1593 80.801
1594 80.802
1595 80.803
1596 80.803
1597 80.804
1598 80.805
1599 80.806
1600 80.806
1601 80.807
1602 80.808
1603 80.808
1604 80.809
1605 80.809
1606 80.81
1607 80.811
1608 80.811
1609 80.812
1610 80.813
1611 80.813
1612 80.814
1613 80.815
1614 80.815
1615 80.816
1616 80.817
1617 80.817
1618 80.818
1619 80.818
1620 80.819
1621 80.82
1622 80.82
1623 80.821
1624 80.822
1625 80.822
1626 80.823
1627 80.823
1628 80.824
1629 80.825
1630 80.825
1631 80.826
1632 80.826
1633 80.827
1634 80.828
1635 80.828
1636 80.829
1637 80.829
1638 80.83
1639 80.831
1640 80.831
1641 80.832
1642 80.832
1643 80.833
1644 80.833
1645 80.834
1646 80.835
1647 80.835
1648 80.836
1649 80.836
1650 80.837
1651 80.837
1652 80.838
1653 80.839
1654 80.839
1655 80.84
1656 80.84
1657 80.841
1658 80.841
1659 80.842
1660 80.842
1661 80.843
1662 80.843
1663 80.844
1664 80.845
1665 80.845
1666 80.846
1667 80.846
1668 80.847
1669 80.847
1670 80.848
1671 80.848
1672 80.849
1673 80.849
1674 80.85
1675 80.85
1676 80.851
1677 80.851
1678 80.852
1679 80.852
1680 80.853
1681 80.853
1682 80.854
1683 80.854
1684 80.855
1685 80.855
1686 80.856
1687 80.856
1688 80.857
1689 80.857
1690 80.858
1691 80.858
1692 80.859
1693 80.859
1694 80.86
1695 80.86
1696 80.861
1697 80.861
1698 80.862
1699 80.862
1700 80.863
1701 80.863
1702 80.864
1703 80.864
1704 80.865
1705 80.865
1706 80.865
1707 80.866
1708 80.866
1709 80.867
1710 80.867
1711 80.868
1712 80.868
1713 80.869
1714 80.869
1715 80.87
1716 80.87
1717 80.87
1718 80.871
1719 80.871
1720 80.872
1721 80.872
1722 80.873
1723 80.873
1724 80.874
1725 80.874
1726 80.874
1727 80.875
1728 80.875
1729 80.876
1730 80.876
1731 80.877
1732 80.877
1733 80.877
1734 80.878
1735 80.878
1736 80.879
1737 80.879
1738 80.879
1739 80.88
1740 80.88
1741 80.881
1742 80.881
1743 80.882
1744 80.882
1745 80.882
1746 80.883
1747 80.883
1748 80.884
1749 80.884
1750 80.884
1751 80.885
1752 80.885
1753 80.886
1754 80.886
1755 80.886
1756 80.887
1757 80.887
1758 80.888
1759 80.888
1760 80.888
1761 80.889
1762 80.889
1763 80.889
1764 80.89
1765 80.89
1766 80.891
1767 80.891
1768 80.891
1769 80.892
1770 80.892
1771 80.892
1772 80.893
1773 80.893
1774 80.894
1775 80.894
1776 80.894
1777 80.895
1778 80.895
1779 80.895
1780 80.896
1781 80.896
1782 80.896
1783 80.897
1784 80.897
1785 80.897
1786 80.898
1787 80.898
1788 80.899
1789 80.899
1790 80.899
1791 80.9
1792 80.9
1793 80.9
1794 80.901
1795 80.901
1796 80.901
1797 80.902
1798 80.902
1799 80.902
1800 80.903
1801 80.903
1802 80.903
1803 80.904
1804 80.904
1805 80.904
1806 80.905
1807 80.905
1808 80.905
1809 80.906
1810 80.906
1811 80.906
1812 80.907
1813 80.907
1814 80.907
1815 80.908
1816 80.908
1817 80.908
1818 80.908
1819 80.909
1820 80.909
1821 80.909
1822 80.91
1823 80.91
1824 80.91
1825 80.911
1826 80.911
1827 80.911
1828 80.912
1829 80.912
1830 80.912
1831 80.912
1832 80.913
1833 80.913
1834 80.913
1835 80.914
1836 80.914
1837 80.914
1838 80.915
1839 80.915
1840 80.915
1841 80.915
1842 80.916
1843 80.916
1844 80.916
1845 80.917
1846 80.917
1847 80.917
1848 80.917
1849 80.918
1850 80.918
1851 80.918
1852 80.919
1853 80.919
1854 80.919
1855 80.919
1856 80.92
1857 80.92
1858 80.92
1859 80.921
1860 80.921
1861 80.921
1862 80.921
1863 80.922
1864 80.922
1865 80.922
1866 80.922
1867 80.923
1868 80.923
1869 80.923
1870 80.923
1871 80.924
1872 80.924
1873 80.924
1874 80.925
1875 80.925
1876 80.925
1877 80.925
1878 80.926
1879 80.926
1880 80.926
1881 80.926
1882 80.927
1883 80.927
1884 80.927
1885 80.927
1886 80.928
1887 80.928
1888 80.928
1889 80.928
1890 80.929
1891 80.929
1892 80.929
1893 80.929
1894 80.93
1895 80.93
1896 80.93
1897 80.93
1898 80.931
1899 80.931
1900 80.931
1901 80.931
1902 80.931
1903 80.932
1904 80.932
1905 80.932
1906 80.932
1907 80.933
1908 80.933
1909 80.933
1910 80.933
1911 80.934
1912 80.934
1913 80.934
1914 80.934
1915 80.934
1916 80.935
1917 80.935
1918 80.935
1919 80.935
1920 80.936
1921 80.936
1922 80.936
1923 80.936
1924 80.936
1925 80.937
1926 80.937
1927 80.937
1928 80.937
1929 80.938
1930 80.938
1931 80.938
1932 80.938
1933 80.938
1934 80.939
1935 80.939
1936 80.939
1937 80.939
1938 80.939
1939 80.94
1940 80.94
1941 80.94
1942 80.94
1943 80.94
1944 80.941
1945 80.941
1946 80.941
1947 80.941
1948 80.941
1949 80.942
1950 80.942
1951 80.942
1952 80.942
1953 80.942
1954 80.943
1955 80.943
1956 80.943
1957 80.943
1958 80.943
1959 80.944
1960 80.944
1961 80.944
1962 80.944
1963 80.944
1964 80.945
1965 80.945
1966 80.945
1967 80.945
1968 80.945
1969 80.946
1970 80.946
1971 80.946
1972 80.946
1973 80.946
1974 80.946
1975 80.947
1976 80.947
1977 80.947
1978 80.947
1979 80.947
1980 80.948
1981 80.948
1982 80.948
1983 80.948
1984 80.948
1985 80.948
1986 80.949
1987 80.949
1988 80.949
1989 80.949
1990 80.949
1991 80.95
1992 80.95
1993 80.95
1994 80.95
1995 80.95
1996 80.95
1997 80.951
1998 80.951
1999 80.951
2000 80.951
