0 0
1 4.588
2 5.9299
3 6.8545
4 7.5665
5 8.1457
6 8.6325
7 9.051
8 9.4165
9 9.7396
10 10.028
11 10.287
12 10.522
13 10.736
14 10.931
15 11.11
16 11.274
17 11.426
18 11.567
19 11.698
20 11.819
21 11.932
22 12.037
23 12.135
24 12.227
25 12.313
26 12.394
27 12.47
28 12.541
29 12.608
30 12.671
31 12.73
32 12.786
33 12.838
34 12.888
35 12.935
36 12.979
37 13.021
38 13.061
39 13.098
40 13.133
41 13.167
42 13.198
43 13.228
44 13.257
45 13.284
46 13.309
47 13.333
48 13.356
49 13.378
50 13.399
51 13.418
52 13.437
53 13.455
54 13.471
55 13.487
56 13.502
57 13.517
58 13.53
59 13.543
60 13.555
61 13.567
62 13.578
63 13.589
64 13.599
65 13.608
66 13.618
67 13.626
68 13.634
69 13.642
70 13.65
71 13.657
72 13.663
73 13.67
74 13.676
75 13.682
76 13.687
77 13.692
78 13.697
79 13.702
80 13.707
81 13.711
82 13.715
83 13.719
84 13.722
85 13.726
86 13.729
87 13.733
88 13.736
89 13.738
90 13.741
91 13.744
92 13.746
93 13.749
94 13.751
95 13.753
96 13.755
97 13.757
98 13.759
99 13.761
100 13.762
101 13.764
102 13.766
103 13.767
104 13.768
105 13.77
106 13.771
107 13.772
108 13.773
109 13.774
110 13.775
111 13.776
112 13.777
113 13.778
114 13.779
115 13.78
116 13.781
117 13.781
118 13.782
119 13.783
120 13.783
121 13.784
122 13.784
123 13.785
124 13.786
125 13.786
126 13.787
127 13.787
128 13.787
129 13.788
130 13.788
131 13.789
132 13.789
133 13.789
134 13.79
135 13.79
136 13.79
137 13.79
138 13.791
139 13.791
140 13.791
141 13.791
142 13.792
143 13.792
144 13.792
145 13.792
146 13.792
147 13.793
148 13.793
149 13.793
150 13.793
151 13.793
152 13.793
153 13.793
154 13.794
155 13.794
156 13.794
157 13.794
158 13.794
159 13.794
160 13.794
161 13.794
162 13.794
163 13.794
164 13.794
165 13.795
166 13.795
167 13.795
168 13.795
169 13.795
170 13.795
171 13.795
172 13.795
173 13.795
174 13.795
175 13.795
176 13.795
177 13.795
178 13.795
179 15.555
180 17.075
181 18.423
182 19.641
183 20.757
184 21.788
185 22.749
186 23.65
187 24.5
188 25.305
189 26.071
190 26.8
191 27.498
192 28.167
193 28.81
194 29.429
195 30.026
196 30.602
197 31.159
198 31.699
199 32.223
200 32.731
201 33.225
202 33.705
203 34.173
204 34.628
205 35.073
206 35.506
207 35.929
208 36.343
209 36.747
210 37.143
211 37.53
212 37.908
213 38.28
214 38.643
215 39
216 39.35
217 39.693
218 40.03
219 40.361
220 40.686
221 41.005
222 41.319
223 41.628
224 41.931
225 42.23
226 42.524
227 42.813
228 43.098
229 43.378
230 43.654
231 43.926
232 44.194
233 44.459
234 44.719
235 44.976
236 45.229
237 45.479
238 45.725
239 45.968
240 46.208
241 46.445
242 46.679
243 46.909
244 47.137
245 47.362
246 47.584
247 47.804
248 48.021
249 48.235
250 48.447
251 48.656
252 48.863
253 49.067
254 49.27
255 49.469
256 49.667
257 49.863
258 50.056
259 50.247
260 50.436
261 50.623
262 50.809
263 50.992
264 51.173
265 51.353
266 51.53
267 51.706
268 51.88
269 52.053
270 52.223
271 52.392
272 52.56
273 52.725
274 52.889
275 53.052
276 53.213
277 53.372
278 53.53
279 53.687
280 53.842
281 53.996
282 54.148
283 54.299
284 54.448
285 54.597
286 54.743
287 54.889
288 55.033
289 55.176
290 55.318
291 55.459
292 55.598
293 55.736
294 55.874
295 56.009
296 56.144
297 56.278
298 56.41
299 56.542
300 56.672
301 56.802
302 56.93
303 57.057
304 57.183
305 57.309
306 57.433
307 57.556
308 57.678
309 57.8
310 57.92
311 58.04
312 58.158
313 58.276
314 58.393
315 58.509
316 58.624
317 58.738
318 58.851
319 58.964
320 59.075
321 59.186
322 59.296
323 59.405
324 59.514
325 59.621
326 59.728
327 59.834
328 59.939
329 60.044
330 60.148
331 60.251
332 60.353
333 60.455
334 60.556
335 60.656
336 60.756
337 60.854
338 60.953
339 61.05
340 61.147
341 61.243
342 61.339
343 61.434
344 61.528
345 61.621
346 61.714
347 61.807
348 61.899
349 61.99
350 62.08
351 62.17
352 62.26
353 62.349
354 62.437
355 62.524
356 62.612
357 62.698
358 62.784
359 62.87
360 62.954
361 63.039
362 63.123
363 63.206
364 63.289
365 63.371
366 63.453
367 63.534
368 63.615
369 63.695
370 63.775
371 63.854
372 63.933
373 64.011
374 64.089
375 64.166
376 64.243
377 64.32
378 64.396
379 64.471
380 64.546
381 64.621
382 64.695
383 64.769
384 64.842
385 64.915
386 64.987
387 65.059
388 65.131
389 65.202
390 65.273
391 65.343
392 65.413
393 65.482
394 65.552
395 65.62
396 65.689
397 65.757
398 65.824
399 65.891
400 65.958
401 66.024
402 66.09
403 66.156
404 66.221
405 66.286
406 66.351
407 66.415
408 66.479
409 66.542
410 66.606
411 66.668
412 66.731
413 66.793
414 66.855
415 66.916
416 66.977
417 67.038
418 67.098
419 67.158
420 67.218
421 67.278
422 67.337
423 67.396
424 67.454
425 67.512
426 67.57
427 67.628
428 67.685
429 67.742
430 67.799
431 67.855
432 67.911
433 67.967
434 68.022
435 68.077
436 68.132
437 68.187
438 68.241
439 68.295
440 68.349
441 68.402
442 68.455
443 68.508
444 68.561
445 68.613
446 68.665
447 68.717
448 68.769
449 68.82
450 68.871
451 68.922
452 68.972
453 69.023
454 69.073
455 69.122
456 69.172
457 69.221
458 69.27
459 69.319
460 69.367
461 69.416
462 69.464
463 69.512
464 69.559
465 69.606
466 69.653
467 69.7
468 69.747
469 69.793
470 69.839
471 69.885
472 69.931
473 69.977
474 70.022
475 70.067
476 70.112
477 70.156
478 70.201
479 70.245
480 70.289
481 70.332
482 70.376
483 70.419
484 70.462
485 70.505
486 70.548
487 70.59
488 70.633
489 70.675
490 70.717
491 70.758
492 70.8
493 70.841
494 70.882
495 70.923
496 70.964
497 71.004
498 71.044
499 71.084
500 71.124
501 71.164
502 71.204
503 71.243
504 71.282
505 71.321
506 71.36
507 71.399
508 71.437
509 71.475
510 71.513
511 71.551
512 71.589
513 71.627
514 71.664
515 71.701
516 71.738
517 71.775
518 71.812
519 71.848
520 71.885
521 71.921
522 71.957
523 71.993
524 72.028
525 72.064
526 72.099
527 72.135
528 72.17
529 72.204
530 72.239
531 72.274
532 72.308
533 72.342
534 72.377
535 72.41
536 72.444
537 72.478
538 72.511
539 72.545
540 72.578
541 72.611
542 72.644
543 72.677
544 72.709
545 72.742
546 72.774
547 72.806
548 72.838
549 72.87
550 72.902
551 72.933
552 72.965
553 72.996
554 73.027
555 73.058
556 73.089
557 73.12
558 73.151
559 73.181
560 73.212
561 73.242
562 73.272
563 73.302
564 73.332
565 73.361
566 73.391
567 73.42
568 73.45
569 73.479
570 73.508
571 73.537
572 73.566
573 73.594
574 73.623
575 73.651
576 73.68
577 73.708
578 73.736
579 73.764
580 73.792
581 73.819
582 73.847
583 73.875
584 73.902
585 73.929
586 73.956
587 73.983
588 74.01
589 74.037
590 74.064
591 74.09
592 74.117
593 74.143
594 74.169
595 74.195
596 74.221
597 74.247
598 74.273
599 74.298
600 74.324
601 74.349
602 74.375
603 74.4
604 74.425
605 74.45
606 74.475
607 74.5
608 74.524
609 74.549
610 74.573
611 74.598
612 74.622
613 74.646
614 74.67
615 74.694
616 74.718
617 74.742
618 74.766
619 74.789
620 74.813
621 74.836
622 74.859
623 74.883
624 74.906
625 74.929
626 74.952
627 74.974
628 74.997
629 75.02
630 75.042
631 75.065
632 75.087
633 75.109
634 75.131
635 75.153
636 75.175
637 75.197
638 75.219
639 75.241
640 75.262
641 75.284
642 75.305
643 75.327
644 75.348
645 75.369
646 75.39
647 75.411
648 75.432
649 75.453
650 75.474
651 75.494
652 75.515
653 75.535
654 75.556
655 75.576
656 75.596
657 75.617
658 75.637
659 75.657
660 75.676
661 75.696
662 75.716
663 75.736
664 75.755
665 75.775
666 75.794
667 75.814
668 75.833
669 75.852
670 75.871
671 75.89
672 75.909
673 75.928
674 75.947
675 75.966
676 75.984
677 76.003
678 76.021
679 76.04
680 76.058
681 76.077
682 76.095
683 76.113
684 76.131
685 76.149
686 76.167
687 76.185
688 76.203
689 76.22
690 76.238
691 76.256
692 76.273
693 76.291
694 76.308
695 76.325
696 76.342
697 76.36
698 76.377
699 76.394
700 76.411
701 76.428
702 76.444
703 76.461
704 76.478
705 76.494
706 76.511
707 76.528
708 76.544
709 76.56
710 76.577
711 76.593
712 76.609
713 76.625
714 76.641
715 76.657
716 76.673
717 76.689
718 76.705
719 76.721
720 76.736
721 76.752
722 76.767
723 76.783
724 76.798
725 76.814
726 76.829
727 76.844
728 76.859
729 76.875
730 76.89
731 76.905
732 76.92
733 76.934
734 76.949
735 76.964
736 76.979
737 76.993
738 77.008
739 77.023
740 77.037
741 77.052
742 77.066
743 77.08
744 77.095
745 77.109
746 77.123
747 77.137
748 77.151
749 77.165
750 77.179
751 77.193
752 77.207
753 77.221
754 77.234
755 77.248
756 77.262
757 77.275
758 77.289
759 77.302
760 77.316
761 77.329
762 77.342
763 77.356
764 77.369
765 77.382
766 77.395
767 77.408
768 77.421
769 77.434
770 77.447
771 77.46
772 77.473
773 77.485
774 77.498
775 77.511
776 77.523
777 77.536
778 77.548
779 77.561
780 77.573
781 77.586
782 77.598
783 77.61
784 77.623
785 77.635
786 77.647
787 77.659
788 77.671
789 77.683
790 77.695
791 77.707
792 77.719
793 77.731
794 77.742
795 77.754
796 77.766
797 77.778
798 77.789
799 77.801
800 77.812
801 77.824
802 77.835
803 77.847
804 77.858
805 77.869
806 77.88
807 77.892
808 77.903
809 77.914
810 77.925
811 77.936
812 77.947
813 77.958
814 77.969
815 77.98
816 77.991
817 78.001
818 78.012
819 78.023
820 78.034
821 78.044
822 78.055
823 78.065
824 78.076
825 78.086
826 78.097
827 78.107
828 78.118
829 78.128
830 78.138
831 78.148
832 78.159
833 78.169
834 78.179
835 78.189
836 78.199
837 78.209
838 78.219
839 78.229
840 78.239
841 78.249
842 78.259
843 78.268
844 78.278
845 78.288
846 78.298
847 78.307
848 78.317
849 78.326
850 78.336
851 78.346
852 78.355
853 78.364
854 78.374
855 78.383
856 78.393
857 78.402
858 78.411
859 78.42
860 78.43
861 78.439
862 78.448
863 78.457
864 78.466
865 78.475
866 78.484
867 78.493
868 78.502
869 78.511
870 78.52
871 78.528
872 78.537
873 78.546
874 78.555
875 78.563
876 78.572
877 78.581
878 78.589
879 78.598
880 78.606
881 78.615
882 78.623
883 78.632
884 78.64
885 78.649
886 78.657
887 78.665
888 78.674
889 78.682
890 78.69
891 78.698
892 78.706
893 78.715
894 78.723
895 78.731
896 78.739
897 78.747
898 78.755
899 78.763
900 78.771
901 78.779
902 78.787
903 78.794
904 78.802
905 78.81
906 78.818
907 78.825
908 78.833
909 78.841
910 78.848
911 78.856
912 78.864
913 78.871
914 78.879
915 78.886
916 78.894
917 78.901
918 78.909
919 78.916
920 78.923
921 78.931
922 78.938
923 78.945
924 78.953
925 78.96
926 78.967
927 78.974
928 78.981
929 78.989
930 78.996
931 79.003
932 79.01
933 79.017
934 79.024
935 79.031
936 79.038
937 79.045
938 79.052
939 79.058
940 79.065
941 79.072
942 79.079
943 79.086
944 79.092
945 79.099
946 79.106
947 79.113
948 79.119
949 79.126
950 79.132
951 79.139
952 79.146
953 79.152
954 79.159
955 79.165
956 79.172
957 79.178
958 79.184
959 79.191
960 79.197
961 79.204
962 79.21
963 79.216
964 79.222
965 79.229
966 79.235
967 79.241
968 79.247
969 79.253
970 79.26
971 79.266
972 79.272
973 79.278
974 79.284
975 79.29
976 79.296
977 79.302
978 79.308
979 79.314
980 79.32
981 79.326
982 79.332
983 79.338
984 79.343
985 79.349
986 79.355
987 79.361
988 79.366
989 79.372
990 79.378
991 79.384
992 79.389
993 79.395
994 79.401
995 79.406
996 79.412
997 79.417
998 79.423
999 79.428
1000 79.434
1001 79.439
1002 79.445
1003 79.45
1004 79.456
1005 79.461
1006 79.467
1007 79.472
1008 79.477
1009 79.483
1010 79.488
1011 79.493
1012 79.499
1013 79.504
1014 79.509
1015 79.514
1016 79.52
1017 79.525
1018 79.53
1019 79.535
1020 79.54
1021 79.545
1022 79.55
1023 79.555
1024 79.561
1025 79.566
1026 79.571
1027 79.576
1028 79.581
1029 79.586
1030 79.59
1031 79.595
1032 79.6
1033 79.605
1034 79.61
1035 79.615
1036 79.62
1037 79.625
1038 79.629
1039 79.634
1040 79.639
1041 79.644
1042 79.649
1043 79.653
1044 79.658
1045 79.663
1046 79.667
1047 79.672
1048 79.677
1049 79.681
1050 79.686
1051 79.69
1052 79.695
1053 79.7
1054 79.704
1055 79.709
1056 79.713
1057 79.718
1058 79.722
1059 79.727
1060 79.731
1061 79.735
1062 79.74
1063 79.744
1064 79.749
1065 79.753
1066 79.757
1067 79.762
1068 79.766
1069 79.77
1070 79.775
1071 79.779
1072 79.783
1073 79.787
1074 79.792
1075 79.796
1076 79.8
1077 79.804
1078 79.808
1079 79.813
1080 79.817
1081 79.821
1082 79.825
1083 79.829
1084 79.833
1085 79.837
1086 79.841
1087 79.845
1088 79.849
1089 79.853
1090 79.857
1091 79.861
1092 79.865
1093 79.869
1094 79.873
1095 79.877
1096 79.881
1097 79.885
1098 79.889
1099 79.893
1100 79.897
1101 79.9
1102 79.904
1103 79.908
1104 79.912
1105 79.916
1106 79.919
1107 79.923
1108 79.927
1109 79.931
1110 79.934
1111 79.938
1112 79.942
1113 79.945
1114 79.949
1115 79.953
1116 79.956
1117 79.96
1118 79.964
1119 79.967
1120 79.971
1121 79.974
1122 79.978
1123 79.982
1124 79.985
1125 79.989
1126 79.992
1127 79.996
1128 79.999
1129 80.003
1130 80.006
1131 80.01
1132 80.013
1133 80.016
1134 80.02
1135 80.023
1136 80.027
1137 80.03
1138 80.033
1139 80.037
1140 80.04
1141 80.043
1142 80.047
1143 80.05
1144 80.053
1145 80.057
1146 80.06
1147 80.063
1148 80.066
1149 80.07
1150 80.073
1151 80.076
1152 80.079
1153 80.083
1154 80.086
1155 80.089
1156 80.092
1157 80.095
1158 80.098
1159 80.101
1160 80.105
1161 80.108
1162 80.111
1163 80.114
1164 80.117
1165 80.12
1166 80.123
1167 80.126
1168 80.129
1169 80.132
1170 80.135
1171 80.138
1172 80.141
1173 80.144
1174 80.147
1175 80.15
1176 80.153
1177 80.156
1178 80.159
1179 80.162
1180 80.165
1181 80.168
1182 80.171
1183 80.173
1184 80.176
1185 80.179
1186 80.182
1187 80.185
1188 80.188
1189 80.19
1190 80.193
1191 80.196
1192 80.199
1193 80.202
1194 80.204
1195 80.207
1196 80.21
1197 80.213
1198 80.215
1199 80.218
1200 80.221
1201 80.223
1202 80.226
1203 80.229
1204 80.232
1205 80.234
1206 80.237
1207 80.239
1208 80.242
1209 80.245
1210 80.247
1211 80.25
1212 80.253
1213 80.255
1214 80.258
1215 80.26
1216 80.263
1217 80.265
1218 80.268
1219 80.27
1220 80.273
1221 80.276
1222 80.278
1223 80.281
1224 80.283
1225 80.286
1226 80.288
1227 80.29
1228 80.293
1229 80.295
1230 80.298
1231 80.3
1232 80.303
1233 80.305
1234 80.307
1235 80.31
1236 80.312
1237 80.315
1238 80.317
1239 80.319
1240 80.322
1241 80.324
1242 80.326
1243 80.329
1244 80.331
1245 80.333
1246 80.336
1247 80.338
1248 80.34
1249 80.343
1250 80.345
1251 80.347
1252 80.349
1253 80.352
1254 80.354
1255 80.356
1256 80.358
1257 80.361
1258 80.363
1259 80.365
1260 80.367
1261 80.369
1262 80.371
1263 80.374
1264 80.376
1265 80.378
1266 80.38
1267 80.382
1268 80.384
1269 80.387
1270 80.389
1271 80.391
1272 80.393
1273 80.395
1274 80.397
1275 80.399
1276 80.401
1277 80.403
1278 80.405
1279 80.407
1280 80.409
1281 80.411
1282 80.414
1283 80.416
1284 80.418
1285 80.42
1286 80.422
1287 80.424
1288 80.426
1289 80.428
1290 80.43
1291 80.432
1292 80.433
1293 80.435
1294 80.437
1295 80.439
1296 80.441
1297 80.443
1298 80.445
1299 80.447
1300 80.449
1301 80.451
1302 80.453
1303 80.455
1304 80.457
1305 80.458
1306 80.46
1307 80.462
1308 80.464
1309 80.466
1310 80.468
1311 80.47
1312 80.471
1313 80.473
1314 80.475
1315 80.477
1316 80.479
1317 80.48
1318 80.482
1319 80.484
1320 80.486
1321 80.488
1322 80.489
1323 80.491
1324 80.493
1325 80.495
1326 80.496
1327 80.498
1328 80.5
1329 80.502
1330 80.503
1331 80.505
1332 80.507
1333 80.508
1334 80.51
1335 80.512
1336 80.513
1337 80.515
1338 80.517
1339 80.518
1340 80.52
1341 80.522
1342 80.523
1343 80.525
1344 80.527
1345 80.528
1346 80.53
1347 80.532
1348 80.533
1349 80.535
1350 80.536
1351 80.538
1352 80.54
1353 80.541
1354 80.543
1355 80.544
1356 80.546
1357 80.547
1358 80.549
1359 80.551
1360 80.552
1361 80.554
1362 80.555
1363 80.557
1364 80.558
1365 80.56
1366 80.561
1367 80.563
1368 80.564
1369 80.566
1370 80.567
1371 80.569
1372 80.57
1373 80.572
1374 80.573
1375 80.575
1376 80.576
1377 80.578
1378 80.579
1379 80.581
1380 80.582
1381 80.583
1382 80.585
1383 80.586
1384 80.588
1385 80.589
1386 80.591
1387 80.592
1388 80.593
1389 80.595
1390 80.596
1391 80.598
1392 80.599
1393 80.6
1394 80.602
1395 80.603
1396 80.604
1397 80.606
1398 80.607
1399 80.609
1400 80.61
1401 80.611
1402 80.613
1403 80.614
1404 80.615
1405 80.617
1406 80.618
1407 80.619
1408 80.621
1409 80.622
1410 80.623
1411 80.624
1412 80.626
1413 80.627
1414 80.628
1415 80.63
1416 80.631
1417 80.632
1418 80.633
1419 80.635
1420 80.636
1421 80.637
1422 80.638
1423 80.64
1424 80.641
1425 80.642
1426 80.643
1427 80.645
1428 80.646
1429 80.647
1430 80.648
1431 80.649
1432 80.651
1433 80.652
1434 80.653
1435 80.654
1436 80.655
1437 80.657
1438 80.658
1439 80.659
1440 80.66
1441 80.661
1442 80.662
1443 80.664
1444 80.665
1445 80.666
1446 80.667
1447 80.668
1448 80.669
1449 80.671
1450 80.672
1451 80.673
1452 80.674
1453 80.675
1454 80.676
1455 80.677
1456 80.678
1457 80.679
1458 80.681
1459 80.682
1460 80.683
1461 80.684
1462 80.685
1463 80.686
1464 80.687
1465 80.688
1466 80.689
1467 80.69
1468 80.691
1469 80.692
1470 80.694
1471 80.695
1472 80.696
1473 80.697
1474 80.698
1475 80.699
1476 80.7
1477 80.701
1478 80.702
1479 80.703
1480 80.704
1481 80.705
1482 80.706
1483 80.707
1484 80.708
1485 80.709
1486 80.71
1487 80.711
1488 80.712
1489 80.713
1490 80.714
1491 80.715
1492 80.716
1493 80.717
1494 80.718
1495 80.719
1496 80.72
1497 80.721
1498 80.722
1499 80.723
1500 80.724
1501 80.725
1502 80.726
1503 80.726
1504 80.727
1505 80.728
1506 80.729
1507 80.73
1508 80.731
1509 80.732
1510 80.733
1511 80.734
1512 80.735
1513 80.736
1514 80.737
1515 80.738
1516 80.738
1517 80.739
1518 80.74
1519 80.741
1520 80.742
1521 80.743
1522 80.744
1523 80.745
1524 80.746
1525 80.746
1526 80.747
1527 80.748
1528 80.749
1529 80.75
1530 80.751
1531 80.752
1532 80.752
1533 80.753
1534 80.754
1535 80.755
1536 80.756
1537 80.757
1538 80.758
1539 80.758
1540 80.759
1541 80.76
1542 80.761
1543 80.762
1544 80.762
1545 80.763
1546 80.764
1547 80.765
1548 80.766
1549 80.767
1550 80.767
1551 80.768
1552 80.769
1553 80.77
1554 80.771
1555 80.771
1556 80.772
1557 80.773
1558 80.774
1559 80.774
1560 80.775
1561 80.776
1562 80.777
1563 80.778
1564 80.778
1565 80.779
1566 80.78
1567 80.781
1568 80.781
1569 80.782
1570 80.783
1571 80.784
1572 80.784
1573 80.785
1574 80.786
1575 80.787
1576 80.787
1577 80.788
1578 80.789
1579 80.789
1580 80.79
1581 80.791
1582 80.792
1583 80.792
1584 80.793
1585 80.794
1586 80.794
1587 80.795
1588 80.796
1589 80.797
1590 80.797
1591 80.798
1592 80.799
1593 80.799
1594 80.8
1595 80.801
1596 80.801
1597 80.802
1598 80.803
1599 80.803
1600 80.804
1601 80.805
1602 80.805
1603 80.806
1604 80.807
1605 80.807
1606 80.808
1607 80.809
1608 80.809
1609 80.81
1610 80.811
1611 80.811
1612 80.812
1613 80.813
1614 80.813
1615 80.814
1616 80.815
1617 80.815
1618 80.816
1619 80.816
1620 80.817
1621 80.818
1622 80.818
1623 80.819
1624 80.82
1625 80.82
1626 80.821
1627 80.821
1628 80.822
1629 80.823
1630 80.823
1631 80.824
1632 80.825
1633 80.825
1634 80.826
1635 80.826
1636 80.827
1637 80.828
1638 80.828
1639 80.829
1640 80.829
1641 80.83
1642 80.83
1643 80.831
1644 80.832
1645 80.832
1646 80.833
1647 80.833
1648 80.834
1649 80.834
1650 80.835
1651 80.836
1652 80.836
1653 80.837
1654 80.837
1655 80.838
1656 80.838
1657 80.839
1658 80.84
1659 80.84
1660 80.841
1661 80.841
1662 80.842
1663 80.842
1664 80.843
1665 80.843
1666 80.844
1667 80.844
1668 80.845
1669 80.845
1670 80.846
1671 80.847
1672 80.847
1673 80.848
1674 80.848
1675 80.849
1676 80.849
1677 80.85
1678 80.85
1679 80.851
1680 80.851
1681 80.852
1682 80.852
1683 80.853
1684 80.853
1685 80.854
1686 80.854
1687 80.855
1688 80.855
1689 80.856
1690 80.856
1691 80.857
1692 80.857
1693 80.858
1694 80.858
1695 80.859
1696 80.859
1697 80.86
1698 80.86
1699 80.861
1700 80.861
1701 80.862
1702 80.862
1703 80.863
1704 80.863
1705 80.863
1706 80.864
1707 80.864
1708 80.865
1709 80.865
1710 80.866
1711 80.866
1712 80.867
1713 80.867
1714 80.868
1715 80.868
1716 80.869
1717 80.869
1718 80.869
1719 80.87
1720 80.87
1721 80.871
1722 80.871
1723 80.872
1724 80.872
1725 80.873
1726 80.873
1727 80.873
1728 80.874
1729 80.874
1730 80.875
1731 80.875
1732 80.876
1733 80.876
1734 80.876
1735 80.877
1736 80.877
1737 80.878
1738 80.878
1739 80.879
1740 80.879
1741 80.879
1742 80.88
1743 80.88
1744 80.881
1745 80.881
1746 80.881
1747 80.882
1748 80.882
1749 80.883
1750 80.883
1751 80.883
1752 80.884
1753 80.884
1754 80.885
1755 80.885
1756 80.885
1757 80.886
1758 80.886
1759 80.887
1760 80.887
1761 80.887
1762 80.888
1763 80.888
1764 80.889
1765 80.889
1766 80.889
1767 80.89
1768 80.89
1769 80.89
1770 80.891
1771 80.891
1772 80.892
1773 80.892
1774 80.892
1775 80.893
1776 80.893
1777 80.893
1778 80.894
1779 80.894
1780 80.894
1781 80.895
1782 80.895
1783 80.896
1784 80.896
1785 80.896
1786 80.897
1787 80.897
1788 80.897
1789 80.898
1790 80.898
1791 80.898
1792 80.899
1793 80.899
1794 80.899
1795 80.9
1796 80.9
1797 80.9
1798 80.901
1799 80.901
1800 80.901
1801 80.902
1802 80.902
1803 80.902
1804 80.903
1805 80.903
1806 80.903
1807 80.904
1808 80.904
1809 80.904
1810 80.905
1811 80.905
1812 80.905
1813 80.906
1814 80.906
1815 80.906
1816 80.907
1817 80.907
1818 80.907
1819 80.908
1820 80.908
1821 80.908
1822 80.909
1823 80.909
1824 80.909
1825 80.91
1826 80.91
1827 80.91
1828 80.911
1829 80.911
1830 80.911
1831 80.911
1832 80.912
1833 80.912
1834 80.912
1835 80.913
1836 80.913
1837 80.913
1838 80.914
1839 80.914
1840 80.914
1841 80.914
1842 80.915
1843 80.915
1844 80.915
1845 80.916
1846 80.916
1847 80.916
1848 80.916
1849 80.917
1850 80.917
1851 80.917
1852 80.918
1853 80.918
1854 80.918
1855 80.918
1856 80.919
1857 80.919
1858 80.919
1859 80.92
1860 80.92
1861 80.92
1862 80.92
1863 80.921
1864 80.921
1865 80.921
1866 80.921
1867 80.922
1868 80.922
1869 80.922
1870 80.923
1871 80.923
1872 80.923
1873 80.923
1874 80.924
1875 80.924
1876 80.924
1877 80.924
1878 80.925
1879 80.925
1880 80.925
1881 80.925
1882 80.926
1883 80.926
1884 80.926
1885 80.926
1886 80.927
1887 80.927
1888 80.927
1889 80.927
1890 80.928
1891 80.928
1892 80.928
1893 80.928
1894 80.929
1895 80.929
1896 80.929
1897 80.929
1898 80.93
1899 80.93
1900 80.93
1901 80.93
1902 80.931
1903 80.931
1904 80.931
1905 80.931
1906 80.932
1907 80.932
1908 80.932
1909 80.932
1910 80.932
1911 80.933
1912 80.933
1913 80.933
1914 80.933
1915 80.934
1916 80.934
1917 80.934
1918 80.934
1919 80.935
1920 80.935
1921 80.935
1922 80.935
1923 80.935
1924 80.936
1925 80.936
1926 80.936
1927 80.936
1928 80.937
1929 80.937
1930 80.937
1931 80.937
1932 80.937
1933 80.938
1934 80.938
1935 80.938
1936 80.938
1937 80.938
1938 80.939
1939 80.939
1940 80.939
1941 80.939
1942 80.94
1943 80.94
1944 80.94
1945 80.94
1946 80.94
1947 80.941
1948 80.941
1949 80.941
1950 80.941
1951 80.941
1952 80.942
1953 80.942
1954 80.942
1955 80.942
1956 80.942
1957 80.943
1958 80.943
1959 80.943
1960 80.943
1961 80.943
1962 80.944
1963 80.944
1964 80.944
1965 80.944
1966 80.944
1967 80.944
1968 80.945
1969 80.945
1970 80.945
1971 80.945
1972 80.945
1973 80.946
1974 80.946
1975 80.946
1976 80.946
1977 80.946
1978 80.947
1979 80.947
1980 80.947
1981 80.947
1982 80.947
1983 80.947
1984 80.948
1985 80.948
1986 80.948
1987 80.948
1988 80.948
1989 80.949
1990 80.949
1991 80.949
1992 80.949
1993 80.949
1994 80.949
1995 80.95
1996 80.95
1997 80.95
1998 80.95
1999 80.95
2000 80.95
