0 0
1 0
2 48.615
3 48.615
4 48.615
5 48.615
6 48.615
7 48.615
8 48.615
9 48.615
10 48.615
11 48.615
12 48.615
13 48.615
14 48.615
15 48.615
16 48.615
17 48.615
18 48.615
19 48.615
20 48.615
21 48.615
22 48.615
23 48.615
24 48.615
25 48.615
26 48.615
27 48.615
28 48.615
29 48.615
30 48.615
31 48.615
32 48.615
33 48.615
34 48.615
35 48.615
36 48.615
37 48.615
38 48.615
39 48.615
40 48.615
41 48.615
42 48.615
43 48.615
44 48.615
45 48.615
46 48.615
47 48.615
48 48.615
49 48.615
50 48.615
51 48.615
52 48.615
53 48.615
54 48.615
55 48.615
56 48.615
57 48.615
58 48.615
59 48.615
60 48.615
61 48.615
62 48.615
63 48.615
64 48.615
65 48.615
66 48.615
67 48.615
68 48.615
69 48.615
70 48.615
71 48.615
72 48.615
73 48.615
74 48.615
75 48.615
76 48.615
77 48.615
78 48.615
79 48.615
80 48.615
81 48.615
82 48.615
83 48.615
84 48.615
85 48.615
86 48.615
87 48.615
88 48.615
89 48.615
90 48.615
91 48.615
92 48.615
93 48.615
94 48.615
95 48.615
96 48.615
97 48.615
98 48.615
99 48.615
100 48.615
101 48.615
102 48.615
103 48.615
104 48.615
105 48.615
106 48.615
107 48.615
108 48.615
109 48.615
110 48.615
111 48.615
112 48.615
113 48.615
114 48.615
115 48.615
116 48.615
117 48.615
118 48.615
119 48.615
120 48.615
121 48.615
122 48.615
123 48.615
124 48.615
125 48.615
126 48.615
127 48.615
128 48.615
129 48.615
130 48.615
131 48.615
132 48.615
133 48.615
134 48.615
135 48.615
136 48.615
137 48.615
138 48.615
139 48.615
140 48.615
141 48.615
142 48.615
143 48.615
144 48.615
145 48.615
146 48.615
147 48.615
148 48.615
149 48.615
150 48.615
151 48.615
152 48.615
153 48.615
154 48.615
155 48.615
156 48.615
157 48.615
158 48.615
159 48.615
160 48.615
161 48.615
162 48.615
163 48.615
164 48.615
165 48.615
166 48.615
167 48.615
168 48.615
169 48.615
170 48.615
171 48.615
172 48.615
173 48.615
174 48.615
175 48.615
176 48.615
177 48.615
178 48.615
179 41.501
180 38.566
181 37.036
182 36.125
183 35.534
184 35.128
185 34.836
186 34.618
187 34.451
188 34.32
189 34.216
190 34.132
191 34.062
192 34.004
193 33.955
194 33.914
195 33.879
196 33.848
197 33.822
198 33.799
199 33.779
200 33.761
201 33.745
202 33.731
203 33.718
204 33.707
205 33.697
206 33.688
207 33.68
208 33.672
209 33.665
210 33.659
211 33.653
212 33.648
213 33.643
214 33.639
215 33.635
216 33.631
217 33.628
218 33.625
219 33.622
220 33.619
221 33.616
222 33.614
223 33.612
224 33.61
225 33.608
226 33.606
227 33.604
228 33.603
229 33.601
230 33.6
231 33.598
232 33.597
233 33.596
234 33.595
235 33.594
236 33.593
237 33.592
238 33.591
239 33.59
240 33.589
241 33.589
242 33.588
243 33.587
244 33.587
245 33.586
246 33.585
247 33.585
248 33.584
249 33.584
250 33.583
251 33.583
252 33.582
253 33.582
254 33.582
255 33.581
256 33.581
257 33.581
258 33.58
259 33.58
260 33.58
261 33.579
262 33.579
263 33.579
264 33.579
265 33.578
266 33.578
267 33.578
268 33.578
269 33.577
270 33.577
271 33.577
272 33.577
273 33.577
274 33.576
275 33.576
276 33.576
277 33.576
278 33.576
279 33.576
280 33.576
281 33.575
282 33.575
283 33.575
284 33.575
285 33.575
286 33.575
287 33.575
288 33.575
289 33.575
290 33.574
291 33.574
292 33.574
293 33.574
294 33.574
295 33.574
296 33.574
297 33.574
298 33.574
299 33.574
300 33.574
301 33.574
302 33.574
303 33.574
304 33.573
305 33.573
306 33.573
307 33.573
308 33.573
309 33.573
310 33.573
311 33.573
312 33.573
313 33.573
314 33.573
315 33.573
316 33.573
317 33.573
318 33.573
319 33.573
320 33.573
321 33.573
322 33.573
323 33.573
324 33.573
325 33.573
326 33.573
327 33.573
328 33.573
329 33.572
330 33.572
331 33.572
332 33.572
333 33.572
334 33.572
335 33.572
336 33.572
337 33.572
338 33.572
339 33.572
340 33.572
341 33.572
342 33.572
343 33.572
344 33.572
345 33.572
346 33.572
347 33.572
348 33.572
349 33.572
350 33.572
351 33.572
352 33.572
353 33.572
354 33.572
355 33.572
356 33.572
357 33.572
358 33.572
359 33.572
360 33.572
361 33.572
362 33.572
363 33.572
364 33.572
365 33.572
366 33.572
367 33.572
368 33.572
369 33.572
370 33.572
371 33.572
372 33.572
373 33.572
374 33.572
375 33.572
376 33.572
377 33.572
378 33.572
379 33.572
380 33.572
381 33.572
382 33.572
383 33.572
384 33.572
385 33.572
386 33.572
387 33.572
388 33.572
389 33.572
390 33.572
391 33.572
392 33.572
393 33.572
394 33.572
395 33.572
396 33.572
397 33.572
398 33.572
399 33.572
400 33.572
401 33.572
402 33.572
403 33.572
404 33.572
405 33.572
406 33.572
407 33.572
408 33.572
409 33.572
410 33.572
411 33.572
412 33.572
413 33.572
414 33.572
415 33.572
416 33.572
417 33.572
418 33.572
419 33.572
420 33.572
421 33.572
422 33.572
423 33.572
424 33.572
425 33.572
426 33.572
427 33.572
428 33.572
429 33.572
430 33.572
431 33.572
432 33.572
433 33.572
434 33.572
435 33.572
436 33.572
437 33.572
438 33.572
439 33.572
440 33.572
441 33.572
442 33.572
443 33.572
444 33.572
445 33.572
446 33.572
447 33.572
448 33.572
449 33.572
450 33.572
451 33.572
452 33.572
453 33.572
454 33.571
455 33.571
456 33.571
457 33.571
458 33.571
459 33.571
460 33.571
461 33.571
462 33.571
463 33.571
464 33.571
465 33.571
466 33.571
467 33.571
468 33.571
469 33.571
470 33.571
471 33.571
472 33.571
473 33.571
474 33.571
475 33.571
476 33.571
477 33.571
478 33.571
479 33.571
480 33.571
481 33.571
482 33.571
483 33.571
484 33.571
485 33.571
486 33.571
487 33.571
488 33.571
489 33.571
490 33.571
491 33.571
492 33.571
493 33.571
494 33.571
495 33.571
496 33.571
497 33.571
498 33.571
499 33.571
500 33.571
501 33.571
502 33.571
503 33.571
504 33.571
505 33.571
506 33.571
507 33.571
508 33.571
509 33.571
510 33.571
511 33.571
512 33.571
513 33.571
514 33.571
515 33.571
516 33.571
517 33.571
518 33.571
519 33.571
520 33.571
521 33.571
522 33.571
523 33.571
524 33.571
525 33.571
526 33.571
527 33.571
528 33.571
529 33.571
530 33.571
531 33.571
532 33.571
533 33.571
534 33.571
535 33.571
536 33.571
537 33.571
538 33.571
539 33.571
540 33.571
541 33.571
542 33.571
543 33.571
544 33.571
545 33.571
546 33.571
547 33.571
548 33.571
549 33.571
550 33.571
551 33.571
552 33.571
553 33.571
554 33.571
555 33.571
556 33.571
557 33.571
558 33.571
559 33.571
560 33.571
561 33.571
562 33.571
563 33.571
564 33.571
565 33.571
566 33.571
567 33.571
568 33.571
569 33.571
570 33.571
571 33.571
572 33.571
573 33.571
574 33.571
575 33.571
576 33.571
577 33.571
578 33.571
579 33.571
580 33.571
581 33.571
582 33.571
583 33.571
584 33.571
585 33.571
586 33.571
587 33.571
588 33.571
589 33.571
590 33.571
591 33.571
592 33.571
593 33.571
594 33.571
595 33.571
596 33.571
597 33.571
598 33.571
599 33.571
600 33.571
601 33.571
602 33.571
603 33.571
604 33.571
605 33.571
606 33.571
607 33.571
608 33.571
609 33.571
610 33.571
611 33.571
612 33.571
613 33.571
614 33.571
615 33.571
616 33.571
617 33.571
618 33.571
619 33.571
620 33.571
621 33.571
622 33.571
623 33.571
624 33.571
625 33.571
626 33.571
627 33.571
628 33.571
629 33.571
630 33.571
631 33.571
632 33.571
633 33.571
634 33.571
635 33.571
636 33.571
637 33.571
638 33.571
639 33.571
640 33.571
641 33.571
642 33.571
643 33.571
644 33.571
645 33.571
646 33.571
647 33.571
648 33.571
649 33.571
650 33.571
651 33.571
652 33.571
653 33.571
654 33.571
655 33.571
656 33.571
657 33.571
658 33.571
659 33.571
660 33.571
661 33.571
662 33.571
663 33.571
664 33.571
665 33.571
666 33.571
667 33.571
668 33.571
669 33.571
670 33.571
671 33.571
672 33.571
673 33.571
674 33.571
675 33.571
676 33.571
677 33.571
678 33.571
679 33.571
680 33.571
681 33.571
682 33.571
683 33.571
684 33.571
685 33.571
686 33.571
687 33.571
688 33.571
689 33.571
690 33.571
691 33.571
692 33.571
693 33.571
694 33.571
695 33.571
696 33.571
697 33.571
698 33.571
699 33.571
700 33.571
701 33.571
702 33.571
703 33.571
704 33.571
705 33.571
706 33.571
707 33.571
708 33.571
709 33.571
710 33.571
711 33.571
712 33.571
713 33.571
714 33.571
715 33.571
716 33.571
717 33.571
718 33.571
719 33.571
720 33.571
721 33.571
722 33.571
723 33.571
724 33.571
725 33.571
726 33.571
727 33.571
728 33.571
729 33.571
730 33.571
731 33.571
732 33.571
733 33.571
734 33.571
735 33.571
736 33.571
737 33.571
738 33.571
739 33.571
740 33.571
741 33.571
742 33.571
743 33.571
744 33.571
745 33.571
746 33.571
747 33.571
748 33.571
749 33.571
750 33.571
751 33.571
752 33.571
753 33.571
754 33.571
755 33.571
756 33.571
757 33.571
758 33.571
759 33.571
760 33.571
761 33.571
762 33.571
763 33.571
764 33.571
765 33.571
766 33.571
767 33.571
768 33.571
769 33.571
770 33.571
771 33.571
772 33.571
773 33.571
774 33.571
775 33.571
776 33.571
777 33.571
778 33.571
779 33.571
780 33.571
781 33.571
782 33.571
783 33.571
784 33.571
785 33.571
786 33.571
787 33.571
788 33.571
789 33.571
790 33.571
791 33.571
792 33.571
793 33.571
794 33.571
795 33.571
796 33.571
797 33.571
798 33.571
799 33.571
800 33.571
801 33.571
802 33.571
803 33.571
804 33.571
805 33.571
806 33.571
807 33.571
808 33.571
809 33.571
810 33.571
811 33.571
812 33.571
813 33.571
814 33.571
815 33.571
816 33.571
817 33.571
818 33.571
819 33.571
820 33.571
821 33.571
822 33.571
823 33.571
824 33.571
825 33.571
826 33.571
827 33.571
828 33.571
829 33.571
830 33.571
831 33.571
832 33.571
833 33.571
834 33.571
835 33.571
836 33.571
837 33.571
838 33.571
839 33.571
840 33.571
841 33.571
842 33.571
843 33.571
844 33.571
845 33.571
846 33.571
847 33.571
848 33.571
849 33.571
850 33.571
851 33.571
852 33.571
853 33.571
854 33.571
855 33.571
856 33.571
857 33.571
858 33.571
859 33.571
860 33.571
861 33.571
862 33.571
863 33.571
864 33.571
865 33.571
866 33.571
867 33.571
868 33.571
869 33.571
870 33.571
871 33.571
872 33.571
873 33.571
874 33.571
875 33.571
876 33.571
877 33.571
878 33.571
879 33.571
880 33.571
881 33.571
882 33.571
883 33.571
884 33.571
885 33.571
886 33.571
887 33.571
888 33.571
889 33.571
890 33.571
891 33.571
892 33.571
893 33.571
894 33.571
895 33.571
896 33.571
897 33.571
898 33.571
899 33.571
900 33.571
901 33.571
902 33.571
903 33.571
904 33.571
905 33.571
906 33.571
907 33.571
908 33.571
909 33.571
910 33.571
911 33.571
912 33.571
913 33.571
914 33.571
915 33.571
916 33.571
917 33.571
918 33.571
919 33.571
920 33.571
921 33.571
922 33.571
923 33.571
924 33.571
925 33.571
926 33.571
927 33.571
928 33.571
929 33.571
930 33.571
931 33.571
932 33.571
933 33.571
934 33.571
935 33.571
936 33.571
937 33.571
938 33.571
939 33.571
940 33.571
941 33.571
942 33.571
943 33.571
944 33.571
945 33.571
946 33.571
947 33.571
948 33.571
949 33.571
950 33.571
951 33.571
952 33.571
953 33.571
954 33.571
955 33.571
956 33.571
957 33.571
958 33.571
959 33.571
960 33.571
961 33.571
962 33.571
963 33.571
964 33.571
965 33.571
966 33.571
967 33.571
968 33.571
969 33.571
970 33.571
971 33.571
972 33.571
973 33.571
974 33.571
975 33.571
976 33.571
977 33.571
978 33.571
979 33.571
980 33.571
981 33.571
982 33.571
983 33.571
984 33.571
985 33.571
986 33.571
987 33.571
988 33.571
989 33.571
990 33.571
991 33.571
992 33.571
993 33.571
994 33.571
995 33.571
996 33.571
997 33.571
998 33.571
999 33.571
1000 33.571
1001 33.571
1002 33.571
1003 33.571
1004 33.571
1005 33.571
1006 33.571
1007 33.571
1008 33.571
1009 33.571
1010 33.571
1011 33.571
1012 33.571
1013 33.571
1014 33.571
1015 33.571
1016 33.571
1017 33.571
1018 33.571
1019 33.571
1020 33.571
1021 33.571
1022 33.571
1023 33.571
1024 33.571
1025 33.571
1026 33.571
1027 33.571
1028 33.571
1029 33.571
1030 33.571
1031 33.571
1032 33.571
1033 33.571
1034 33.571
1035 33.571
1036 33.571
1037 33.571
1038 33.571
1039 33.571
1040 33.571
1041 33.571
1042 33.571
1043 33.571
1044 33.571
1045 33.571
1046 33.571
1047 33.571
1048 33.571
1049 33.571
1050 33.571
1051 33.571
1052 33.571
1053 33.571
1054 33.571
1055 33.571
1056 33.571
1057 33.571
1058 33.571
1059 33.571
1060 33.571
1061 33.571
1062 33.571
1063 33.571
1064 33.571
1065 33.571
1066 33.571
1067 33.571
1068 33.571
1069 33.571
1070 33.571
1071 33.571
1072 33.571
1073 33.571
1074 33.571
1075 33.571
1076 33.571
1077 33.571
1078 33.571
1079 33.571
1080 33.571
1081 33.571
1082 33.571
1083 33.571
1084 33.571
1085 33.571
1086 33.571
1087 33.571
1088 33.571
1089 33.571
1090 33.571
1091 33.571
1092 33.571
1093 33.571
1094 33.571
1095 33.571
1096 33.571
1097 33.571
1098 33.571
1099 33.571
1100 33.571
1101 33.571
1102 33.571
1103 33.571
1104 33.571
1105 33.571
1106 33.571
1107 33.571
1108 33.571
1109 33.571
1110 33.571
1111 33.571
1112 33.571
1113 33.571
1114 33.571
1115 33.571
1116 33.571
1117 33.571
1118 33.571
1119 33.571
1120 33.571
1121 33.571
1122 33.571
1123 33.571
1124 33.571
1125 33.571
1126 33.571
1127 33.571
1128 33.571
1129 33.571
1130 33.571
1131 33.571
1132 33.571
1133 33.571
1134 33.571
1135 33.571
1136 33.571
1137 33.571
1138 33.571
1139 33.571
1140 33.571
1141 33.571
1142 33.571
1143 33.571
1144 33.571
1145 33.571
1146 33.571
1147 33.571
1148 33.571
1149 33.571
1150 33.571
1151 33.571
1152 33.571
1153 33.571
1154 33.571
1155 33.571
1156 33.571
1157 33.571
1158 33.571
1159 33.571
1160 33.571
1161 33.571
1162 33.571
1163 33.571
1164 33.571
1165 33.571
1166 33.571
1167 33.571
1168 33.571
1169 33.571
1170 33.571
1171 33.571
1172 33.571
1173 33.571
1174 33.571
1175 33.571
1176 33.571
1177 33.571
1178 33.571
1179 33.571
1180 33.571
1181 33.571
1182 33.571
1183 33.571
1184 33.571
1185 33.571
1186 33.571
1187 33.571
1188 33.571
1189 33.571
1190 33.571
1191 33.571
1192 33.571
1193 33.571
1194 33.571
1195 33.571
1196 33.571
1197 33.571
1198 33.571
1199 33.571
1200 33.571
1201 33.571
1202 33.571
1203 33.571
1204 33.571
1205 33.571
1206 33.571
1207 33.571
1208 33.571
1209 33.571
1210 33.571
1211 33.571
1212 33.571
1213 33.571
1214 33.571
1215 33.571
1216 33.571
1217 33.571
1218 33.571
1219 33.571
1220 33.571
1221 33.571
1222 33.571
1223 33.571
1224 33.571
1225 33.571
1226 33.571
1227 33.571
1228 33.571
1229 33.571
1230 33.571
1231 33.571
1232 33.571
1233 33.571
1234 33.571
1235 33.571
1236 33.571
1237 33.571
1238 33.571
1239 33.571
1240 33.571
1241 33.571
1242 33.571
1243 33.571
1244 33.571
1245 33.571
1246 33.571
1247 33.571
1248 33.571
1249 33.571
1250 33.571
1251 33.571
1252 33.571
1253 33.571
1254 33.571
1255 33.571
1256 33.571
1257 33.571
1258 33.571
1259 33.571
1260 33.571
1261 33.571
1262 33.571
1263 33.571
1264 33.571
1265 33.571
1266 33.571
1267 33.571
1268 33.571
1269 33.571
1270 33.571
1271 33.571
1272 33.571
1273 33.571
1274 33.571
1275 33.571
1276 33.571
1277 33.571
1278 33.571
1279 33.571
1280 33.571
1281 33.571
1282 33.571
1283 33.571
1284 33.571
1285 33.571
1286 33.571
1287 33.571
1288 33.571
1289 33.571
1290 33.571
1291 33.571
1292 33.571
1293 33.571
1294 33.571
1295 33.571
1296 33.571
1297 33.571
1298 33.571
1299 33.571
1300 33.571
1301 33.571
1302 33.571
1303 33.571
1304 33.571
1305 33.571
1306 33.571
1307 33.571
1308 33.571
1309 33.571
1310 33.571
1311 33.571
1312 33.571
1313 33.571
1314 33.571
1315 33.571
1316 33.571
1317 33.571
1318 33.571
1319 33.571
1320 33.571
1321 33.571
1322 33.571
1323 33.571
1324 33.571
1325 33.571
1326 33.571
1327 33.571
1328 33.571
1329 33.571
1330 33.571
1331 33.571
1332 33.571
1333 33.571
1334 33.571
1335 33.571
1336 33.571
1337 33.571
1338 33.571
1339 33.571
1340 33.571
1341 33.571
1342 33.571
1343 33.571
1344 33.571
1345 33.571
1346 33.571
1347 33.571
1348 33.571
1349 33.571
1350 33.571
1351 33.571
1352 33.571
1353 33.571
1354 33.571
1355 33.571
1356 33.571
1357 33.571
1358 33.571
1359 33.571
1360 33.571
1361 33.571
1362 33.571
1363 33.571
1364 33.571
1365 33.571
1366 33.571
1367 33.571
1368 33.571
1369 33.571
1370 33.571
1371 33.571
1372 33.571
1373 33.571
1374 33.571
1375 33.571
1376 33.571
1377 33.571
1378 33.571
1379 33.571
1380 33.571
1381 33.571
1382 33.571
1383 33.571
1384 33.571
1385 33.571
1386 33.571
1387 33.571
1388 33.571
1389 33.571
1390 33.571
1391 33.571
1392 33.571
1393 33.571
1394 33.571
1395 33.571
1396 33.571
1397 33.571
1398 33.571
1399 33.571
1400 33.571
1401 33.571
1402 33.571
1403 33.571
1404 33.571
1405 33.571
1406 33.571
1407 33.571
1408 33.571
1409 33.571
1410 33.571
1411 33.571
1412 33.571
1413 33.571
1414 33.571
1415 33.571
1416 33.571
1417 33.571
1418 33.571
1419 33.571
1420 33.571
1421 33.571
1422 33.571
1423 33.571
1424 33.571
1425 33.571
1426 33.571
1427 33.571
1428 33.571
1429 33.571
1430 33.571
1431 33.571
1432 33.571
1433 33.571
1434 33.571
1435 33.571
1436 33.571
1437 33.571
1438 33.571
1439 33.571
1440 33.571
1441 33.571
1442 33.571
1443 33.571
1444 33.571
1445 33.571
1446 33.571
1447 33.571
1448 33.571
1449 33.571
1450 33.571
1451 33.571
1452 33.571
1453 33.571
1454 33.571
1455 33.571
1456 33.571
1457 33.571
1458 33.571
1459 33.571
1460 33.571
1461 33.571
1462 33.571
1463 33.571
1464 33.571
1465 33.571
1466 33.571
1467 33.571
1468 33.571
1469 33.571
1470 33.571
1471 33.571
1472 33.571
1473 33.571
1474 33.571
1475 33.571
1476 33.571
1477 33.571
1478 33.571
1479 33.571
1480 33.571
1481 33.571
1482 33.571
1483 33.571
1484 33.571
1485 33.571
1486 33.571
1487 33.571
1488 33.571
1489 33.571
1490 33.571
1491 33.571
1492 33.571
1493 33.571
1494 33.571
1495 33.571
1496 33.571
1497 33.571
1498 33.571
1499 33.571
1500 33.571
1501 33.571
1502 33.571
1503 33.571
1504 33.571
1505 33.571
1506 33.571
1507 33.571
1508 33.571
1509 33.571
1510 33.571
1511 33.571
1512 33.571
1513 33.571
1514 33.571
1515 33.571
1516 33.571
1517 33.571
1518 33.571
1519 33.571
1520 33.571
1521 33.571
1522 33.571
1523 33.571
1524 33.571
1525 33.571
1526 33.571
1527 33.571
1528 33.571
1529 33.571
1530 33.571
1531 33.571
1532 33.571
1533 33.571
1534 33.571
1535 33.571
1536 33.571
1537 33.571
1538 33.571
1539 33.571
1540 33.571
1541 33.571
1542 33.571
1543 33.571
1544 33.571
1545 33.571
1546 33.571
1547 33.571
1548 33.571
1549 33.571
1550 33.571
1551 33.571
1552 33.571
1553 33.571
1554 33.571
1555 33.571
1556 33.571
1557 33.571
1558 33.571
1559 33.571
1560 33.571
1561 33.571
1562 33.571
1563 33.571
1564 33.571
1565 33.571
1566 33.571
1567 33.571
1568 33.571
1569 33.571
1570 33.571
1571 33.571
1572 33.571
1573 33.571
1574 33.571
1575 33.571
1576 33.571
1577 33.571
1578 33.571
1579 33.571
1580 33.571
1581 33.571
1582 33.571
1583 33.571
1584 33.571
1585 33.571
1586 33.571
1587 33.571
1588 33.571
1589 33.571
1590 33.571
1591 33.571
1592 33.571
1593 33.571
1594 33.571
1595 33.571
1596 33.571
1597 33.571
1598 33.571
1599 33.571
1600 33.571
1601 33.571
1602 33.571
1603 33.571
1604 33.571
1605 33.571
1606 33.571
1607 33.571
1608 33.571
1609 33.571
1610 33.571
1611 33.571
1612 33.571
1613 33.571
1614 33.571
1615 33.571
1616 33.571
1617 33.571
1618 33.571
1619 33.571
1620 33.571
1621 33.571
1622 33.571
1623 33.571
1624 33.571
1625 33.571
1626 33.571
1627 33.571
1628 33.571
1629 33.571
1630 33.571
1631 33.571
1632 33.571
1633 33.571
1634 33.571
1635 33.571
1636 33.571
1637 33.571
1638 33.571
1639 33.571
1640 33.571
1641 33.571
1642 33.571
1643 33.571
1644 33.571
1645 33.571
1646 33.571
1647 33.571
1648 33.571
1649 33.571
1650 33.571
1651 33.571
1652 33.571
1653 33.571
1654 33.571
1655 33.571
1656 33.571
1657 33.571
1658 33.571
1659 33.571
1660 33.571
1661 33.571
1662 33.571
1663 33.571
1664 33.571
1665 33.571
1666 33.571
1667 33.571
1668 33.571
1669 33.571
1670 33.571
1671 33.571
1672 33.571
1673 33.571
1674 33.571
1675 33.571
1676 33.571
1677 33.571
1678 33.571
1679 33.571
1680 33.571
1681 33.571
1682 33.571
1683 33.571
1684 33.571
1685 33.571
1686 33.571
1687 33.571
1688 33.571
1689 33.571
1690 33.571
1691 33.571
1692 33.571
1693 33.571
1694 33.571
1695 33.571
1696 33.571
1697 33.571
1698 33.571
1699 33.571
1700 33.571
1701 33.571
1702 33.571
1703 33.571
1704 33.571
1705 33.571
1706 33.571
1707 33.571
1708 33.571
1709 33.571
1710 33.571
1711 33.571
1712 33.571
1713 33.571
1714 33.571
1715 33.571
1716 33.571
1717 33.571
1718 33.571
1719 33.571
1720 33.571
1721 33.571
1722 33.571
1723 33.571
1724 33.571
1725 33.571
1726 33.571
1727 33.571
1728 33.571
1729 33.571
1730 33.571
1731 33.571
1732 33.571
1733 33.571
1734 33.571
1735 33.571
1736 33.571
1737 33.571
1738 33.571
1739 33.571
1740 33.571
1741 33.571
1742 33.571
1743 33.571
1744 33.571
1745 33.571
1746 33.571
1747 33.571
1748 33.571
1749 33.571
1750 33.571
1751 33.571
1752 33.571
1753 33.571
1754 33.571
1755 33.571
1756 33.571
1757 33.571
1758 33.571
1759 33.571
1760 33.571
1761 33.571
1762 33.571
1763 33.571
1764 33.571
1765 33.571
1766 33.571
1767 33.571
1768 33.571
1769 33.571
1770 33.571
1771 33.571
1772 33.571
1773 33.571
1774 33.571
1775 33.571
1776 33.571
1777 33.571
1778 33.571
1779 33.571
1780 33.571
1781 33.571
1782 33.571
1783 33.571
1784 33.571
1785 33.571
1786 33.571
1787 33.571
1788 33.571
1789 33.571
1790 33.571
1791 33.571
1792 33.571
1793 33.571
1794 33.571
1795 33.571
1796 33.571
1797 33.571
1798 33.571
1799 33.571
1800 33.571
1801 33.571
1802 33.571
1803 33.571
1804 33.571
1805 33.571
1806 33.571
1807 33.571
1808 33.571
1809 33.571
1810 33.571
1811 33.571
1812 33.571
1813 33.571
1814 33.571
1815 33.571
1816 33.571
1817 33.571
1818 33.571
1819 33.571
1820 33.571
1821 33.571
1822 33.571
1823 33.571
1824 33.571
1825 33.571
1826 33.571
1827 33.571
1828 33.571
1829 33.571
1830 33.571
1831 33.571
1832 33.571
1833 33.571
1834 33.571
1835 33.571
1836 33.571
1837 33.571
1838 33.571
1839 33.571
1840 33.571
1841 33.571
1842 33.571
1843 33.571
1844 33.571
1845 33.571
1846 33.571
1847 33.571
1848 33.571
1849 33.571
1850 33.571
1851 33.571
1852 33.571
1853 33.571
1854 33.571
1855 33.571
1856 33.571
1857 33.571
1858 33.571
1859 33.571
1860 33.571
1861 33.571
1862 33.571
1863 33.571
1864 33.571
1865 33.571
1866 33.571
1867 33.571
1868 33.571
1869 33.571
1870 33.571
1871 33.571
1872 33.571
1873 33.571
1874 33.571
1875 33.571
1876 33.571
1877 33.571
1878 33.571
1879 33.571
1880 33.571
1881 33.571
1882 33.571
1883 33.571
1884 33.571
1885 33.571
1886 33.571
1887 33.571
1888 33.571
1889 33.571
1890 33.571
1891 33.571
1892 33.571
1893 33.571
1894 33.571
1895 33.571
1896 33.571
1897 33.571
1898 33.571
1899 33.571
1900 33.571
1901 33.571
1902 33.571
1903 33.571
1904 33.571
1905 33.571
1906 33.571
1907 33.571
1908 33.571
1909 33.571
1910 33.571
1911 33.571
1912 33.571
1913 33.571
1914 33.571
1915 33.571
1916 33.571
1917 33.571
1918 33.571
1919 33.571
1920 33.571
1921 33.571
1922 33.571
1923 33.571
1924 33.571
1925 33.571
1926 33.571
1927 33.571
1928 33.571
1929 33.571
1930 33.571
1931 33.571
1932 33.571
1933 33.571
1934 33.571
1935 33.571
1936 33.571
1937 33.571
1938 33.571
1939 33.571
1940 33.571
1941 33.571
1942 33.571
1943 33.571
1944 33.571
1945 33.571
1946 33.571
1947 33.571
1948 33.571
1949 33.571
1950 33.571
1951 33.571
1952 33.571
1953 33.571
1954 33.571
1955 33.571
1956 33.571
1957 33.571
1958 33.571
1959 33.571
1960 33.571
1961 33.571
1962 33.571
1963 33.571
1964 33.571
1965 33.571
1966 33.571
1967 33.571
1968 33.571
1969 33.571
1970 33.571
1971 33.571
1972 33.571
1973 33.571
1974 33.571
1975 33.571
1976 33.571
1977 33.571
1978 33.571
1979 33.571
1980 33.571
1981 33.571
1982 33.571
1983 33.571
1984 33.571
1985 33.571
1986 33.571
1987 33.571
1988 33.571
1989 33.571
1990 33.571
1991 33.571
1992 33.571
1993 33.571
1994 33.571
1995 33.571
1996 33.571
1997 33.571
1998 33.571
1999 33.571
2000 33.571
